88 700
-2 0
-1.955 0
-1.91 0
-1.865 0
-1.82 0
-1.775 0
-1.73 0
-1.685 0
-1.64 0
-1.595 0
-1.55 0
-1.505 0
-1.46 0
-1.415 0
-1.37 0
-1.325 0
-1.28 0
-1.235 0
-1.19 0
-1.145 0
-1.1 0
-1.055 0
-1.01 0
-0.965001 0
-0.920001 0
-0.875001 0
-0.830001 0
-0.785001 0
-0.740001 0
-0.695001 0
-0.650001 0
-0.605001 0
-0.560001 0
-0.515001 0
-0.470001 0.5
-0.425001 0.5
-0.380001 0.5
-0.335001 0.5
-0.290001 0.5
-0.245001 0.5
-0.200001 0.5
-0.155001 0.5
-0.110001 0.5
-0.0650007 0.5
-0.0200007 0.5
0.0249993 0.5
0.0699993 0.5
0.114999 0.5
0.159999 0.5
0.204999 0.5
0.249999 0.5
0.294999 0.5
0.339999 0.5
0.384999 0.5
0.429999 0.5
0.474999 0.5
0.519999 0
0.564999 0
0.609999 0
0.654999 0
0.7 0
0.745 0
0.79 0
0.835 0
0.88 0
0.925 0
0.97 0
1.015 0
1.06 0
1.105 0
1.15 0
1.195 0
1.24 0
1.285 0
1.33 0
1.375 0
1.42 0
1.465 0
1.51 0
1.555 0
1.6 0
1.645 0
1.69 0
1.735 0
1.78 0
1.825 0
1.87 0
1.915 0
-2 0
-1.955 0
-1.91 0
-1.865 0
-1.82 0
-1.775 0
-1.73 0
-1.685 0
-1.64 0
-1.595 0
-1.55 0
-1.505 0
-1.46 0
-1.415 0
-1.37 0
-1.325 0
-1.28 0
-1.235 0
-1.19 0
-1.145 0
-1.1 0
-1.055 0
-1.01 0
-0.965001 0
-0.920001 0
-0.875001 0
-0.830001 0
-0.785001 0
-0.740001 0
-0.695001 0
-0.650001 0
-0.605001 0
-0.560001 0
-0.515001 0
-0.470001 0.0215076
-0.425001 0.0899411
-0.380001 0.198035
-0.335001 0.311042
-0.290001 0.399007
-0.245001 0.453386
-0.200001 0.481194
-0.155001 0.493292
-0.110001 0.497863
-0.0650007 0.499387
-0.0200007 0.49984
0.0249993 0.499962
0.0699993 0.499992
0.114999 0.499998
0.159999 0.5
0.204999 0.5
0.249999 0.5
0.294999 0.5
0.339999 0.5
0.384999 0.5
0.429999 0.5
0.474999 0.5
0.519999 0.478492
0.564999 0.410059
0.609999 0.301965
0.654999 0.188958
0.7 0.100993
0.745 0.0466138
0.79 0.0188064
0.835 0.00670845
0.88 0.00213733
0.925 0.00061362
0.97 0.000159971
1.015 3.81227e-05
1.06 8.35306e-06
1.105 1.69132e-06
1.15 3.17878e-07
1.195 5.56748e-08
1.24 9.11895e-09
1.285 1.40113e-09
1.33 2.02524e-10
1.375 2.76087e-11
1.42 3.55779e-12
1.465 4.34297e-13
1.51 5.03146e-14
1.555 5.54187e-15
1.6 5.81259e-16
1.645 5.81396e-17
1.69 5.55333e-18
1.735 5.07177e-19
1.78 4.434e-20
1.825 3.71475e-21
1.87 2.98537e-22
1.915 2.3036e-23
-2 0
-1.955 0
-1.91 0
-1.865 0
-1.82 0
-1.775 0
-1.73 0
-1.685 0
-1.64 0
-1.595 0
-1.55 0
-1.505 0
-1.46 0
-1.415 0
-1.37 0
-1.325 0
-1.28 0
-1.235 0
-1.19 0
-1.145 0
-1.1 0
-1.055 0
-1.01 0
-0.965001 0
-0.920001 0
-0.875001 0
-0.830001 0
-0.785001 0
-0.740001 0
-0.695001 0
-0.650001 0
-0.605001 0
-0.560001 0
-0.515001 0
-0.470001 0.000925157
-0.425001 0.00681252
-0.380001 0.0254781
-0.335001 0.0647891
-0.290001 0.126659
-0.245001 0.204278
-0.200001 0.285131
-0.155001 0.357058
-0.110001 0.412843
-0.0650007 0.45116
-0.0200007 0.47476
0.0249993 0.487925
0.0699993 0.494632
0.114999 0.497775
0.159999 0.499137
0.204999 0.499686
0.249999 0.499892
0.294999 0.499965
0.339999 0.499989
0.384999 0.499997
0.429999 0.499999
0.474999 0.5
0.519999 0.499075
0.564999 0.493187
0.609999 0.474522
0.654999 0.435211
0.7 0.373341
0.745 0.295722
0.79 0.214869
0.835 0.142942
0.88 0.0871569
0.925 0.0488401
0.97 0.0252404
1.015 0.0120753
1.06 0.00536812
1.105 0.00222558
1.15 0.000863469
1.195 0.000314497
1.24 0.000107853
1.285 3.49201e-05
1.33 1.07011e-05
1.375 3.11097e-06
1.42 8.59797e-07
1.465 2.2635e-07
1.51 5.6864e-08
1.555 1.36551e-08
1.6 3.13924e-09
1.645 6.91926e-10
1.69 1.46414e-10
1.735 2.97811e-11
1.78 5.82965e-12
1.825 1.09943e-12
1.87 1.99968e-13
1.915 3.51112e-14
-2 0
-1.955 0
-1.91 0
-1.865 0
-1.82 0
-1.775 0
-1.73 0
-1.685 0
-1.64 0
-1.595 0
-1.55 0
-1.505 0
-1.46 0
-1.415 0
-1.37 0
-1.325 0
-1.28 0
-1.235 0
-1.19 0
-1.145 0
-1.1 0
-1.055 0
-1.01 0
-0.965001 0
-0.920001 0
-0.875001 0
-0.830001 0
-0.785001 0
-0.740001 0
-0.695001 0
-0.650001 0
-0.605001 0
-0.560001 0
-0.515001 0
-0.470001 3.97959e-05
-0.425001 0.000419666
-0.380001 0.00222836
-0.335001 0.00795591
-0.290001 0.0215263
-0.245001 0.0471866
-0.200001 0.0875239
-0.155001 0.141744
-0.110001 0.205359
-0.0650007 0.271545
-0.0200007 0.333369
0.0249993 0.38574
0.0699993 0.426308
0.114999 0.455245
0.159999 0.474364
0.204999 0.486125
0.249999 0.492891
0.294999 0.496545
0.339999 0.498404
0.384999 0.499298
0.429999 0.499706
0.474999 0.499882
0.519999 0.499915
0.564999 0.499564
0.609999 0.497766
0.654999 0.492042
0.7 0.478473
0.745 0.452813
0.79 0.412476
0.835 0.358256
0.88 0.294641
0.925 0.228455
0.97 0.166631
1.015 0.11426
1.06 0.0736919
1.105 0.0447553
1.15 0.0256365
1.195 0.0138755
1.24 0.00710962
1.285 0.00345531
1.33 0.00159586
1.375 0.000701721
1.42 0.000294279
1.465 0.000117897
1.51 4.51937e-05
1.555 1.66011e-05
1.6 5.85174e-06
1.645 1.98199e-06
1.69 6.45839e-07
1.735 2.02705e-07
1.78 6.13486e-08
1.825 1.79224e-08
1.87 5.05904e-09
1.915 1.3811e-09
-2 0
-1.955 0
-1.91 0
-1.865 0
-1.82 0
-1.775 0
-1.73 0
-1.685 0
-1.64 0
-1.595 0
-1.55 0
-1.505 0
-1.46 0
-1.415 0
-1.37 0
-1.325 0
-1.28 0
-1.235 0
-1.19 0
-1.145 0
-1.1 0
-1.055 0
-1.01 0
-0.965001 0
-0.920001 0
-0.875001 0
-0.830001 0
-0.785001 0
-0.740001 0
-0.695001 0
-0.650001 0
-0.605001 0
-0.560001 0
-0.515001 0
-0.470001 1.71183e-06
-0.425001 2.34988e-05
-0.380001 0.000161895
-0.335001 0.000746935
-0.290001 0.00259845
-0.245001 0.00727774
-0.200001 0.0171149
-0.155001 0.034809
-0.110001 0.0626068
-0.0650007 0.101355
-0.0200007 0.149879
0.0249993 0.20502
0.0699993 0.262353
0.114999 0.317281
0.159999 0.366057
0.204999 0.406407
0.249999 0.437645
0.294999 0.460363
0.339999 0.475938
0.384999 0.486036
0.429999 0.492245
0.474999 0.495873
0.519999 0.497891
0.564999 0.498943
0.609999 0.499351
0.654999 0.499032
0.7 0.497305
0.745 0.492681
0.79 0.482868
0.835 0.465184
0.88 0.437391
0.925 0.398644
0.97 0.350121
1.015 0.29498
1.06 0.237647
1.105 0.182719
1.15 0.133943
1.195 0.0935927
1.24 0.0623554
1.285 0.0396374
1.33 0.0240618
1.375 0.0139637
1.42 0.00775569
1.465 0.00412763
1.51 0.00210746
1.555 0.00103349
1.6 0.000487359
1.645 0.000221242
1.69 9.67908e-05
1.735 4.08504e-05
1.78 1.6649e-05
1.825 6.55871e-06
1.87 2.49967e-06
1.915 9.22477e-07
