-2 0
-1.94 0
-1.88 0
-1.82 0
-1.76 0
-1.7 0
-1.64 0
-1.58 0
-1.52 0
-1.46 0
-1.4 0
-1.34 0
-1.28 0
-1.22 0
-1.16 0
-1.1 0
-1.04 0
-0.980001 0
-0.920001 0
-0.860001 0
-0.800001 0
-0.740001 0
-0.680001 0
-0.620001 0
-0.560001 0
-0.500001 0
-0.440001 0.5
-0.380001 0.5
-0.320001 0.5
-0.260001 0.5
-0.200001 0.5
-0.140001 0.5
-0.0800009 0.5
-0.0200009 0.5
0.0399991 0.5
0.0999991 0.5
0.159999 0.5
0.219999 0.5
0.279999 0.5
0.339999 0.5
0.399999 0.5
0.459999 0.5
0.519999 0
0.579999 0
0.639999 0
0.699999 0
0.759999 0
0.819999 0
0.879999 0
0.939999 0
0.999999 0
1.06 0
1.12 0
1.18 0
1.24 0
1.3 0
1.36 0
1.42 0
1.48 0
1.54 0
1.6 0
1.66 0
1.72 0
1.78 0
1.84 0
1.9 0
-2 0
-1.94 0
-1.88 0
-1.82 0
-1.76 0
-1.7 0
-1.64 0
-1.58 0
-1.52 0
-1.46 0
-1.4 0
-1.34 0
-1.28 0
-1.22 0
-1.16 0
-1.1 0
-1.04 0
-0.980001 0
-0.920001 0
-0.860001 0
-0.800001 0
-0.740001 0
-0.680001 0
-0.620001 0
-0.560001 0
-0.500001 0
-0.440001 0.0475419
-0.380001 0.160353
-0.320001 0.293241
-0.260001 0.396849
-0.200001 0.456994
-0.140001 0.484721
-0.0800009 0.495296
-0.0200009 0.498727
0.0399991 0.499693
0.0999991 0.499934
0.159999 0.499987
0.219999 0.499998
0.279999 0.5
0.339999 0.5
0.399999 0.5
0.459999 0.5
0.519999 0.452458
0.579999 0.339647
0.639999 0.206759
0.699999 0.103151
0.759999 0.0430064
0.819999 0.0152785
0.879999 0.0047043
0.939999 0.00127344
0.999999 0.000306699
1.06 6.63783e-05
1.12 1.30189e-05
1.18 2.3306e-06
1.24 3.83155e-07
1.3 5.81573e-08
1.36 8.18791e-09
1.42 1.07363e-09
1.48 1.31587e-10
1.54 1.51233e-11
1.6 1.63457e-12
1.66 1.66574e-13
1.72 1.60426e-14
1.78 1.46328e-15
1.84 1.26648e-16
1.9 1.04199e-17
-2 0
-1.94 0
-1.88 0
-1.82 0
-1.76 0
-1.7 0
-1.64 0
-1.58 0
-1.52 0
-1.46 0
-1.4 0
-1.34 0
-1.28 0
-1.22 0
-1.16 0
-1.1 0
-1.04 0
-0.980001 0
-0.920001 0
-0.860001 0
-0.800001 0
-0.740001 0
-0.680001 0
-0.620001 0
-0.560001 0
-0.500001 0
-0.440001 0.00452047
-0.380001 0.0259735
-0.320001 0.0766973
-0.260001 0.156365
-0.200001 0.249873
-0.140001 0.337359
-0.0800009 0.405321
-0.0200009 0.45041
0.0399991 0.476489
0.0999991 0.489848
0.159999 0.495984
0.219999 0.498536
0.279999 0.499506
0.339999 0.499845
0.399999 0.499955
0.459999 0.499988
0.519999 0.495476
0.579999 0.474026
0.639999 0.423303
0.699999 0.343635
0.759999 0.250127
0.819999 0.162641
0.879999 0.0946785
0.939999 0.0495898
0.999999 0.023511
1.06 0.0101523
1.12 0.00401639
1.18 0.0014637
1.24 0.000493817
1.3 0.000154927
1.36 4.53832e-05
1.42 1.24581e-05
1.48 3.21535e-06
1.54 7.82567e-07
1.6 1.80096e-07
1.66 3.92872e-08
1.72 8.14211e-09
1.78 1.60642e-09
1.84 3.023e-10
1.9 5.43544e-11
-2 0
-1.94 0
-1.88 0
-1.82 0
-1.76 0
-1.7 0
-1.64 0
-1.58 0
-1.52 0
-1.46 0
-1.4 0
-1.34 0
-1.28 0
-1.22 0
-1.16 0
-1.1 0
-1.04 0
-0.980001 0
-0.920001 0
-0.860001 0
-0.800001 0
-0.740001 0
-0.680001 0
-0.620001 0
-0.560001 0
-0.500001 0
-0.440001 0.000429823
-0.380001 0.00348958
-0.320001 0.0143543
-0.260001 0.0400123
-0.200001 0.0853486
-0.140001 0.14928
-0.0800009 0.224229
-0.0200009 0.299359
0.0399991 0.365097
0.0999991 0.416103
0.159999 0.451635
0.219999 0.474082
0.279999 0.487049
0.339999 0.493946
0.399999 0.497345
0.459999 0.498905
0.519999 0.499144
0.579999 0.496353
0.639999 0.485591
0.699999 0.459969
0.759999 0.414646
0.819999 0.350718
0.879999 0.275771
0.939999 0.200641
0.999999 0.134903
1.06 0.0838965
1.12 0.048365
1.18 0.0259183
1.24 0.0129512
1.3 0.0060535
1.36 0.00265473
1.42 0.00109552
1.48 0.000426577
1.54 0.000157134
1.6 5.48871e-05
1.66 1.82206e-05
1.72 5.76026e-06
1.78 1.73753e-06
1.84 5.00964e-07
1.9 1.38285e-07
-2 0
-1.94 0
-1.88 0
-1.82 0
-1.76 0
-1.7 0
-1.64 0
-1.58 0
-1.52 0
-1.46 0
-1.4 0
-1.34 0
-1.28 0
-1.22 0
-1.16 0
-1.1 0
-1.04 0
-0.980001 0
-0.920001 0
-0.860001 0
-0.800001 0
-0.740001 0
-0.680001 0
-0.620001 0
-0.560001 0
-0.500001 0
-0.440001 4.08692e-05
-0.380001 0.000428781
-0.320001 0.00226643
-0.260001 0.00805969
-0.200001 0.0217328
-0.140001 0.047503
-0.0800009 0.0879056
-0.0200009 0.142102
0.0399991 0.205598
0.0999991 0.271606
0.159999 0.333251
0.219999 0.385492
0.279999 0.426001
0.339999 0.454944
0.399999 0.474111
0.459999 0.485936
0.519999 0.492722
0.579999 0.496036
0.639999 0.496092
0.699999 0.491214
0.759999 0.477961
0.819999 0.452373
0.879999 0.412047
0.939999 0.35788
0.999999 0.294395
1.06 0.228391
1.12 0.166748
1.18 0.114507
1.24 0.0739984
1.3 0.0450558
1.36 0.0258892
1.42 0.0140644
1.48 0.00723758
1.54 0.00353489
1.6 0.00164171
1.66 0.00072636
1.72 0.000306696
1.78 0.000123791
1.84 4.78395e-05
1.9 1.77275e-05
